K =

   13.0185         0    0.4091