K =

   14.5266         0    0.4361